0 0
1000 0.0803858
2000 0.0630512
3000 0.0787072
4000 0.0806604
5000 0.0527055
6000 0.202429
7000 0.107028
8000 0.126774
9000 0.00875881
10000 0.0838343
11000 0.00805689
12000 0.23426
13000 0.218787
14000 0.238411
15000 0.218635
16000 0.138768
17000 0.0233161
18000 0.0249031
19000 0.291177
20000 0.163182
21000 0.032197
22000 0.229163
23000 0.019837
24000 0.242439
25000 0.058504
26000 0.0325022
27000 0.272225
28000 0.107303
29000 0.0161443
30000 0.0970183
31000 0.0150456
32000 0.0504776
33000 0.117649
34000 0.0722068
35000 0.0670492
36000 0.00183111
37000 0.00183111
38000 0.29133
39000 0.201086
40000 0.433668
41000 0.04944
42000 0.216224
43000 0.071688
44000 0.0466628
45000 0.0660726
46000 0.0550554
47000 0.0110172
48000 0.0296335
49000 0.101627
50000 0.0259713
51000 0.152776
52000 0.554765
53000 0.11005
54000 0.00119022
55000 0.00384533
56000 0.0928373
57000 0.0544145
58000 0.0369579
59000 0.0261849
60000 0.0736412
61000 0.00228889
62000 0.202429
63000 0.466872
64000 0.0632649
65000 0.0493789
66000 0.0672323
67000 0.00869778
68000 0.044496
69000 0.0116886
70000 0.0122074
71000 0.0434584
72000 0.0187689
73000 0.0173345
74000 0.0135502
75000 0.135472
76000 0.0504776
77000 0.185461
78000 0.0309458
79000 0.211951
80000 0.000549333
81000 0.184515
82000 0.0944853
83000 0.131809
84000 0.103793
85000 0.147435
86000 0.271065
87000 0.00845363
88000 0.14835
89000 0.105899
90000 0.0193793
91000 0.156072
92000 0.36961
93000 0.146062
94000 0.135807
95000 0.0598468
96000 0.102054
97000 0.0342418
98000 0.0972015
99000 0.409162
100000 0.448286
101000 0.328654
102000 0.400983
103000 0.372784
104000 0.0876492
105000 0.0568865
106000 0.238838
107000 0.216712
108000 0.2931
109000 0.128971
110000 0.0392773
111000 0.0186163
112000 0.0481887
0 0
10000 0.0447401
20000 0.02884
30000 0.0679037
40000 0.0566118
50000 0.0417188
60000 0.0967437
70000 0.253609
80000 0.209998
90000 0.31605
100000 0.0670797
110000 0.158696
120000 0.0787378
130000 0.212958
140000 0.0618
150000 0.154515
160000 0.00122074
170000 0.287149
180000 0.193426
190000 0.023072
200000 0.125401
210000 2.41652
220000 3.16678
230000 2.59682
240000 1.26383
250000 2.40226
260000 3.41847
270000 3.19672
280000 2.50194
290000 3.8023
300000 2.86593
310000 3.97238
320000 2.73189
330000 2.0538
340000 2.82876
350000 2.74517
360000 2.62539
370000 2.93204
380000 1.30894
390000 2.71786
400000 3.48485
410000 3.15531
420000 3.01895
430000 3.74712
440000 3.9769
450000 3.91849
460000 3.34147
470000 1.87017
480000 0.0783715
490000 0.0145878
500000 0.0492264
510000 0.989868
520000 0.941832
530000 0.354747
540000 1.31367
550000 1.5728
560000 3.00189
0 0
10000 0.101199
20000 0.215674
30000 0.0171209
40000 0.0636921
50000 0.00341807
60000 0.0146794
70000 0.0146489
80000 0.105075
90000 0.00497452
100000 0.08829
110000 0.145177
120000 0.288369
130000 0.564318
140000 0.526353
150000 0.162053
160000 0.286111
170000 0.266518
180000 0.113834
190000 0.598407
200000 0.132633
210000 0.106418
220000 0.14597
230000 0.20661
240000 0.416211
250000 0.0400403
260000 0.00338755
270000 0.409955
280000 0.189215
290000 0.120731
300000 0.0466018
310000 0.0627155
320000 0.343974
330000 0.0440992
340000 0.0426038
350000 0.104984
360000 0.258797
370000 0.255074
380000 0.799249
390000 0.227424
400000 0.265969
410000 0.141057
420000 0.187628
430000 0.747154
440000 0.18778
450000 0.0648518
460000 0.679189
470000 0.602741
480000 0.727287
490000 0.234016
500000 0.415357
510000 0.16184
520000 0.0484329
530000 0.0159612
540000 0.00811792
550000 0.132084
560000 0.277963
570000 0.504166
580000 0.272683
590000 0.233192
600000 0.517411
610000 0.382885
620000 0.0825831
630000 0.571581
640000 0.261208
650000 0.281899
660000 0.0930509
0 0
10000 0.341044
20000 0.146153
30000 0.177496
40000 0.426557
50000 0.601733
60000 1.68175
70000 1.39686
80000 1.31733
90000 2.71584
100000 2.88958
110000 1.36329
120000 3.04221
130000 2.62181
140000 2.68596
150000 2.19581
160000 1.35917
170000 0.140812
180000 0.089938
190000 0.2313
200000 0.00714133
210000 0.144414
220000 0.501968
230000 0.646535
240000 0.856288
250000 1.39753
260000 2.84695
270000 1.54772
280000 3.5222
290000 2.45711
300000 1.90674
310000 1.6585
320000 1.20347
330000 1.66173
340000 0.0520035
350000 0.238502
360000 0.175176
370000 1.13044
380000 2.04303
390000 2.70284
400000 3.79443
410000 3.85873
420000 3.86425
430000 3.40138
440000 3.8587
450000 3.77978
460000 2.5277
470000 2.5739
480000 3.8486
490000 3.99597
500000 3.85086
510000 3.97647
520000 3.88812
530000 3.7625
540000 3.60582
550000 3.33787
560000 3.64397
570000 3.99072
580000 3.98093
590000 3.67193
600000 3.99368
610000 3.94659
620000 3.97583
630000 3.49022
640000 3.97729
650000 3.97995
660000 3.80621
670000 3.6906
680000 3.6523
690000 3.94256
700000 3.99847
710000 3.95657
720000 3.98166
730000 3.81396
740000 3.98041
750000 3.78634
0 0
10000 0.0327769
20000 0.137089
30000 0.0739463
40000 0.05768
50000 0.132511
60000 0.0474868
70000 0.0376904
80000 0.149297
90000 0.0413526
100000 0.00820948
110000 0.232215
120000 0.13065
130000 0.167241
140000 0.158971
150000 0.415448
160000 0.220954
170000 0.0592669
180000 0.146336
190000 0.0719626
200000 0.197974
210000 0.0220038
220000 0.164953
230000 0.182592
240000 0.0446486
250000 0.093234
260000 0.0373852
270000 0.0127567
280000 0.503555
290000 0.144719
300000 0.00207526
310000 0.0112613
320000 0.0432447
330000 0.0248421
340000 0.0925016
350000 0.0863979
360000 0.162664
370000 0.0571001
380000 0.0798059
390000 0.0303659
400000 0.0182806
410000 0.0269784
420000 0.0136723
430000 0.225043
440000 0.022248
0 0
1 0
2 0
3 0
4 0
5 0
6 0
7 0
8 0
9 0
10 0
11 0
12 0
13 0
14 0
15 0
16 0
17 0
18 0
19 0
20 0
21 0
22 0
23 0
24 0
25 0
26 0
27 0
28 0
29 0
30 0
31 0
32 0
33 0
34 0
35 0
36 0
37 0
38 0
39 0
40 0
41 0
42 0
43 0
44 0
45 0
46 0
47 0
48 0
49 0
50 0
51 0
52 0
53 0
54 0
55 0
56 0
57 0
58 0
59 0
60 0
61 0
62 0
63 0
64 0
65 0
66 0
67 0
68 0
69 0
70 0
71 0
72 0
73 0
74 0
75 0
76 0
77 0
78 0
79 0
80 0
81 0
82 0
83 0
84 0
85 0
86 0
87 0
88 0
89 0
90 0
91 0
92 0
93 0
94 0
95 0
96 0
97 0
98 0
99 0
100 0
101 0
102 0
103 0
104 0
105 0
106 0
107 0
108 0
109 0
110 0
111 0
112 0
113 0
114 0
115 0
116 0
117 0
118 0
119 0
120 0
121 0
122 0
123 0
124 0
125 0
126 0
127 0
128 0
129 0
130 0
131 0
132 0
133 0
134 0
135 0
136 0
137 0
138 0
139 0
140 0
141 0
142 0
143 0
144 0
145 0
146 0
147 0
148 0
149 0
150 0
